Index out of bounds.
{(1, 6),(2, 17),(3, 2)}
(1, 6)
(2, 17)
Product not found.
Product not found.
{(3, 2),(4, 0)}
Index out of bounds.
Product not found.
{(5, 5),(4, 0),(3, 2),(6, 13)}
{(5, 5),(4, 0),(3, 2),(7, 15),(6, 13)}
(5, 5)
Product not found.
Product not found.
(3, 2)
(6, 13)
(4, 0)
(7, 15)
(7, 15)
Product not found.
(9, 16)
{(12, 0),(8, 19),(5, 5),(10, 1),(11, 0)}
Index out of bounds.
2
(12, 0)
(18, 19)
(15, 8)
Product not found.
Product not found.
{(19, 8),(17, 19),(8, 19),(16, 11),(5, 5),(13, 14),(10, 1)}
(10, 1)
(19, 8)
1
(22, 19)
{(13, 14),(20, 2),(5, 5),(16, 11),(17, 19),(21, 15)}
{(13, 14),(20, 2),(5, 5),(16, 11),(17, 19),(21, 15)}
Product not found.
Index out of bounds.
Index out of bounds.
(13, 14)
(23, 19)
(24, 0)
(17, 19)
(25, 18)
(20, 2)
Index out of bounds.
{(33, 5),(32, 16),(27, 9),(26, 11),(5, 5),(16, 11),(17, 19),(21, 15),(28, 3),(29, 10),(30, 8),(31, 12)}
2
Product not found.
0
{(31, 12),(30, 8),(29, 10),(28, 3),(21, 15),(17, 19),(26, 11),(27, 9),(32, 16),(33, 5)}
(33, 5)
Product not found.
Product not found.
Product not found.
(38, 15)
{(39, 10),(37, 19),(36, 12),(35, 0),(31, 12),(30, 8),(29, 10),(28, 3),(21, 15),(17, 19),(26, 11),(27, 9),(32, 16),(34, 17),(40, 6)}
(39, 10)
{(37, 19),(36, 12),(35, 0),(31, 12),(30, 8),(29, 10),(28, 3),(21, 15),(17, 19),(26, 11),(27, 9),(32, 16),(34, 17),(40, 6)}
2
Product not found.
(45, 11)
(46, 1)
{(42, 11),(37, 19),(36, 12),(35, 0),(30, 8),(29, 10),(28, 3),(21, 15),(41, 9),(26, 11),(27, 9),(32, 16),(34, 17),(40, 6),(43, 0),(44, 15)}
Product not found.
(44, 15)
(42, 11)
(43, 0)
(40, 6)
{(34, 17),(32, 16),(27, 9),(48, 14),(26, 11),(41, 9),(21, 15),(28, 3),(29, 10),(30, 8),(47, 1),(35, 0),(36, 12),(37, 19)}
(37, 19)
(28, 3)
Product not found.
(48, 14)
1
{(49, 18),(36, 12),(35, 0),(47, 1),(30, 8),(29, 10),(28, 3),(21, 15),(26, 11),(27, 9),(32, 16),(34, 17),(50, 19),(51, 13)}
Product not found.
(51, 13)
(56, 13)
Product not found.
{(55, 17),(53, 14),(54, 9),(50, 19),(34, 17),(32, 16),(27, 9),(26, 11),(21, 15),(28, 3),(29, 10),(30, 8),(47, 1),(35, 0),(36, 12),(49, 18),(52, 15)}
(54, 9)
(55, 17)
(35, 0)
(28, 3)
(52, 15)
Index out of bounds.
Index out of bounds.
Index out of bounds.
{(59, 12),(53, 14),(54, 9),(50, 19),(34, 17),(32, 16),(27, 9),(26, 11),(21, 15),(28, 3),(29, 10),(30, 8),(47, 1),(36, 12),(49, 18),(58, 13)}
{(61, 3),(59, 12),(53, 14),(54, 9),(50, 19),(34, 17),(32, 16),(27, 9),(26, 11),(21, 15),(28, 3),(29, 10),(30, 8),(47, 1),(36, 12),(49, 18),(58, 13),(60, 16)}
Product not found.
Index out of bounds.
(62, 8)
(64, 18)
(60, 16)
(63, 10)
(58, 13)
(69, 13)
(68, 10)
{(74, 15),(66, 1),(65, 17),(61, 3),(59, 12),(53, 14),(54, 9),(50, 19),(34, 17),(32, 16),(27, 9),(26, 11),(21, 15),(28, 3),(29, 10),(30, 8),(47, 1),(36, 12),(75, 10),(49, 18),(67, 0),(72, 11),(70, 4),(71, 0),(73, 3),(76, 8)}
(74, 15)
{(76, 8),(73, 3),(71, 0),(70, 4),(72, 11),(78, 13),(67, 0),(49, 18),(75, 10),(36, 12),(47, 1),(30, 8),(29, 10),(28, 3),(21, 15),(26, 11),(77, 14),(27, 9),(32, 16),(34, 17),(50, 19),(54, 9),(53, 14),(59, 12),(61, 3),(65, 17),(66, 1)}
(76, 8)
(73, 3)
(66, 1)
(36, 12)
(54, 9)
(53, 14)
(84, 10)
(50, 19)
11
(82, 5)
{(59, 12),(34, 17),(32, 16),(77, 14),(21, 15),(28, 3),(30, 8),(47, 1),(75, 10),(85, 9),(49, 18),(78, 13),(72, 11),(70, 4),(71, 0)}
{(59, 12),(34, 17),(32, 16),(77, 14),(21, 15),(28, 3),(30, 8),(47, 1),(75, 10),(85, 9),(49, 18),(78, 13),(72, 11),(70, 4),(71, 0)}
{(59, 12),(34, 17),(32, 16),(77, 14),(21, 15),(28, 3),(30, 8),(47, 1),(75, 10),(85, 9),(49, 18),(78, 13),(72, 11),(70, 4),(71, 0)}
Product not found.
{(87, 12),(71, 0),(70, 4),(72, 11),(78, 13),(49, 18),(85, 9),(75, 10),(88, 10),(47, 1),(30, 8),(28, 3),(21, 15),(77, 14),(32, 16),(34, 17),(59, 12)}
(59, 12)
{(89, 12),(34, 17),(32, 16),(77, 14),(21, 15),(28, 3),(30, 8),(47, 1),(88, 10),(75, 10),(85, 9),(49, 18),(78, 13),(72, 11),(70, 4),(71, 0),(90, 3),(87, 12)}
(85, 9)
(93, 3)
(96, 13)
Product not found.
(71, 0)
(93, 3)
Product not found.
(47, 1)
Product not found.
Product not found.
{(97, 15),(96, 13),(95, 2),(94, 2),(92, 3),(91, 1),(89, 12),(34, 17),(32, 16),(77, 14),(21, 15),(28, 3),(30, 8),(47, 7),(88, 10),(75, 10),(85, 9),(49, 18),(78, 13),(72, 11),(70, 4),(90, 3),(87, 12)}
(87, 12)
{(97, 15),(96, 13),(95, 2),(94, 2),(92, 3),(91, 1),(89, 12),(34, 17),(32, 16),(77, 14),(21, 15),(28, 3),(30, 8),(47, 7),(88, 10),(75, 10),(85, 9),(49, 18),(78, 13),(72, 11),(70, 4),(90, 3)}
{(90, 3),(70, 4),(72, 11),(78, 13),(49, 18),(85, 9),(75, 10),(88, 10),(47, 7),(30, 8),(28, 3),(21, 15),(77, 14),(32, 16),(34, 17),(89, 12),(91, 1),(92, 3),(94, 2),(95, 2),(96, 13),(97, 15)}
Index out of bounds.
(90, 3)
{(70, 4),(72, 11),(78, 13),(49, 18),(85, 9),(75, 10),(88, 10),(47, 7),(30, 8),(28, 3),(21, 15),(77, 14),(32, 16),(34, 17),(89, 12),(91, 1),(92, 3),(94, 2),(95, 2),(96, 13),(97, 15)}
(97, 15)
(96, 13)
{(99, 19),(98, 14),(70, 4),(72, 11),(78, 13),(49, 18),(85, 9),(75, 10),(88, 10),(47, 7),(30, 8),(28, 3),(21, 15),(77, 14),(32, 16),(34, 17),(89, 12),(91, 1),(92, 3),(94, 2),(95, 2)}
{(99, 19),(98, 14),(70, 4),(72, 11),(78, 13),(49, 18),(85, 9),(75, 10),(88, 10),(47, 7),(30, 8),(28, 3),(21, 15),(77, 14),(32, 16),(34, 17),(89, 12),(91, 1),(92, 3),(94, 2),(95, 2)}
(99, 19)
(94, 2)
Index out of bounds.
Index out of bounds.
