Index out of bounds.
Index out of bounds.
Index out of bounds.
Product not found.
(7, 5)
(1, 5)
(8, 6)
(6, 13)
Product not found.
Index out of bounds.
(9, 13)
(5, 11)
0
(13, 3)
{(11, 9),(4, 6),(10, 18),(12, 0),(14, 16)}
Product not found.
(4, 6)
(16, 13)
1
0
(18, 14)
(19, 9)
(14, 16)
(21, 5)
(22, 12)
Product not found.
Product not found.
(20, 2)
(10, 18)
Product not found.
(15, 8)
(23, 16)
(24, 4)
(26, 13)
Product not found.
(25, 17)
(17, 11)
(15, 17)
(28, 9)
Product not found.
{(27, 1),(10, 18),(12, 0)}
(31, 2)
Product not found.
(32, 12)
(36, 2)
(35, 17)
Product not found.
{(30, 10),(29, 3),(27, 1),(10, 18),(12, 0),(33, 9),(34, 14)}
(34, 14)
Product not found.
(30, 10)
Product not found.
Product not found.
(27, 1)
(38, 0)
{(37, 17),(33, 9),(12, 0),(10, 18),(29, 3),(39, 19)}
{(37, 17),(33, 9),(12, 0),(10, 18),(29, 3),(39, 19),(40, 19)}
(37, 17)
(41, 5)
(40, 19)
{(44, 11),(43, 15),(42, 7),(37, 17),(33, 9),(12, 0),(10, 18),(29, 3),(39, 19)}
Product not found.
1
(39, 19)
(43, 15)
0
(46, 10)
{(44, 11),(45, 9),(42, 7),(37, 17),(47, 6),(12, 0),(10, 18),(29, 3)}
(44, 11)
(37, 17)
{(45, 9),(42, 7),(37, 17),(47, 6),(12, 0),(10, 18),(29, 3)}
Product not found.
(47, 6)
{(45, 9),(42, 7),(37, 17),(12, 0),(10, 18),(29, 3)}
Product not found.
(12, 0)
(45, 9)
Product not found.
(42, 7)
(48, 6)
Product not found.
Product not found.
(58, 15)
{(56, 0),(29, 3),(10, 18),(37, 17),(51, 2),(52, 12),(49, 3),(50, 3),(54, 0),(53, 14),(55, 5),(57, 12),(59, 15)}
Product not found.
Product not found.
(10, 18)
(29, 3)
Product not found.
Product not found.
{(60, 12),(59, 15),(57, 12),(55, 5),(53, 14),(54, 0),(50, 3),(49, 3),(62, 13),(52, 12),(51, 2),(37, 17),(29, 3),(56, 0),(61, 4)}
(55, 5)
Product not found.
{(61, 4),(56, 0),(29, 3),(37, 17),(51, 2),(52, 12),(62, 13),(49, 3),(50, 3),(54, 0),(53, 14),(57, 12),(59, 15),(60, 12),(63, 18)}
(37, 17)
{(64, 14),(63, 18),(60, 12),(59, 15),(57, 12),(53, 14),(54, 0),(67, 0),(50, 3),(49, 3),(62, 13),(52, 12),(51, 2),(37, 17),(29, 3),(56, 0),(61, 4),(65, 7),(66, 0)}
{(64, 14),(63, 18),(60, 12),(59, 15),(57, 12),(53, 14),(54, 0),(67, 0),(50, 3),(49, 3),(62, 13),(52, 12),(51, 2),(37, 17),(29, 3),(56, 0),(61, 4),(65, 7),(66, 0)}
(64, 14)
(61, 4)
Product not found.
(66, 0)
(68, 17)
{(69, 5),(65, 7),(61, 6),(56, 0),(29, 3),(37, 17),(51, 2),(52, 12),(62, 13),(49, 3),(50, 3),(67, 0),(54, 0),(53, 14),(57, 12),(59, 15),(60, 12),(63, 18)}
Product not found.
(59, 15)
{(71, 13),(63, 18),(60, 12),(59, 13),(57, 12),(53, 14),(54, 0),(67, 0),(50, 3),(70, 10),(49, 3),(62, 13),(52, 12),(51, 2),(37, 17),(29, 3),(56, 0),(61, 6),(65, 7),(69, 5),(72, 5)}
{(72, 5),(69, 5),(65, 7),(61, 6),(56, 0),(29, 3),(37, 17),(51, 2),(52, 12),(62, 13),(49, 3),(70, 10),(50, 3),(67, 0),(54, 0),(53, 14),(57, 12),(59, 13),(60, 12),(63, 18),(71, 13)}
{(71, 13),(63, 18),(60, 12),(59, 13),(57, 12),(53, 14),(54, 0),(67, 0),(50, 3),(70, 10),(49, 3),(62, 13),(52, 12),(51, 2),(37, 17),(29, 3),(56, 0),(61, 6),(65, 7),(69, 5),(72, 5)}
9
Index out of bounds.
(71, 13)
Product not found.
(63, 18)
Index out of bounds.
(60, 12)
(73, 3)
(69, 5)
(80, 6)
(74, 6)
(53, 14)
(54, 0)
Index out of bounds.
2
{(50, 3),(70, 10),(51, 2),(77, 4),(75, 8),(37, 17),(76, 16),(61, 6),(65, 7),(81, 1)}
{(50, 3),(70, 10),(51, 2),(77, 4),(75, 8),(37, 17),(76, 16),(61, 6),(65, 7),(81, 1)}
(82, 12)
(83, 11)
(50, 3)
Product not found.
(85, 8)
(37, 17)
(87, 16)
{(70, 10),(51, 2),(77, 4),(75, 8),(37, 5),(76, 16),(61, 6),(65, 7),(81, 1),(84, 2),(86, 0)}
(76, 16)
Product not found.
(89, 6)
{(88, 11),(86, 0),(84, 2),(81, 1),(65, 7),(61, 6),(37, 5),(75, 8),(77, 4),(51, 2),(70, 10)}
(88, 11)
Product not found.
Product not found.
Product not found.
{(94, 6),(91, 3),(86, 0),(84, 2),(81, 1),(65, 7),(61, 6),(37, 5),(75, 8),(77, 4),(51, 2),(70, 10),(90, 1),(92, 3),(93, 4)}
{(93, 4),(92, 3),(90, 1),(70, 10),(51, 2),(77, 4),(75, 8),(37, 5),(61, 6),(65, 7),(81, 1),(84, 2),(86, 0),(91, 3),(94, 6)}
Product not found.
(94, 6)
(97, 16)
(91, 3)
(95, 2)
{(93, 4),(92, 3),(90, 1),(70, 10),(51, 2),(77, 4),(75, 8),(37, 5),(61, 6),(96, 13),(65, 7),(81, 1),(84, 2),(86, 0),(98, 18),(99, 19)}
4
