Product not found.
Product not found.
Index out of bounds.
(2, 9)
(1, 7)
{(5, 12),(3, 19),(4, 1)}
Product not found.
Index out of bounds.
Product not found.
Product not found.
{(8, 8),(7, 13),(6, 17),(5, 12),(3, 19),(4, 1)}
(4, 1)
(8, 8)
Product not found.
0
{(7, 13),(6, 17),(11, 18),(5, 12),(9, 5),(3, 19),(10, 14)}
Product not found.
{(10, 14),(3, 19),(9, 5),(5, 12),(11, 18),(6, 17),(7, 13)}
Product not found.
(7, 13)
(15, 12)
(14, 6)
(13, 11)
Product not found.
(3, 19)
(12, 3)
(9, 5)
(18, 14)
0
(21, 7)
1
(17, 13)
(9, 5)
(20, 15)
(6, 17)
(3, 19)
(10, 14)
(5, 12)
(24, 4)
(11, 18)
Product not found.
(19, 8)
Product not found.
Product not found.
Product not found.
1
Product not found.
0
(26, 13)
(29, 2)
(30, 4)
(31, 0)
(28, 14)
Product not found.
Product not found.
(25, 11)
(39, 9)
Product not found.
5
{(42, 8),(40, 2),(27, 17),(36, 9),(16, 6),(33, 18),(3, 12),(32, 13),(41, 0)}
(41, 0)
{(43, 19),(42, 8),(40, 2),(27, 17),(36, 9),(16, 6),(33, 18),(3, 12),(32, 13)}
Product not found.
(32, 13)
Product not found.
0
{(3, 12),(33, 18),(16, 6),(36, 9),(27, 17),(40, 2),(42, 8),(43, 19),(44, 9)}
Product not found.
Product not found.
{(47, 7),(45, 12),(44, 9),(43, 19),(42, 8),(40, 2),(27, 17),(36, 9),(16, 6),(33, 18),(3, 12),(46, 12)}
(47, 7)
{(46, 12),(3, 12),(33, 18),(16, 6),(36, 9),(27, 17),(40, 2),(42, 8),(43, 19),(44, 9),(45, 12)}
(46, 12)
(43, 19)
(49, 1)
(50, 10)
(45, 12)
Product not found.
Product not found.
(48, 4)
(44, 9)
(52, 13)
(27, 17)
{(53, 13),(3, 12),(51, 12),(33, 18),(16, 6),(36, 9),(40, 2),(42, 8)}
(53, 13)
Product not found.
(36, 9)
(3, 12)
(54, 0)
Index out of bounds.
{(56, 11),(42, 8),(40, 2),(16, 6),(33, 18),(51, 12),(55, 18)}
Product not found.
{(57, 3),(55, 18),(51, 12),(33, 18),(16, 6),(40, 2),(42, 8),(56, 11),(58, 5)}
1
(57, 3)
(16, 6)
(55, 18)
(59, 12)
(42, 8)
3
(65, 18)
Index out of bounds.
(60, 17)
(64, 4)
(66, 18)
(63, 16)
Product not found.
Product not found.
Index out of bounds.
{(60, 17),(51, 12),(40, 2),(70, 13),(56, 11),(58, 5),(67, 8),(69, 18),(68, 11)}
{(71, 19),(60, 17),(51, 12),(40, 2),(70, 13),(56, 11),(58, 5),(67, 8),(69, 18),(68, 11)}
{(68, 11),(69, 18),(67, 8),(58, 5),(56, 11),(70, 13),(40, 2),(51, 12),(60, 17),(71, 19)}
(71, 19)
(68, 11)
Index out of bounds.
(72, 16)
0
(70, 13)
Product not found.
Product not found.
Product not found.
{(74, 15),(73, 8),(69, 18),(67, 8),(58, 5),(56, 11),(40, 2),(51, 12),(60, 17)}
(60, 17)
(74, 15)
1
(75, 9)
(77, 10)
0
(58, 5)
Product not found.
(76, 13)
(79, 5)
(78, 14)
(79, 5)
(51, 12)
{(40, 2),(56, 11),(69, 18),(73, 8),(80, 2),(81, 3)}
(81, 3)
(82, 1)
Product not found.
Product not found.
(85, 10)
(40, 2)
(86, 4)
{(89, 10),(88, 6),(87, 6),(84, 4),(83, 12),(80, 2),(73, 8),(69, 18),(56, 11)}
(56, 11)
1
(90, 17)
(91, 16)
Product not found.
(83, 12)
Product not found.
1
Product not found.
{(95, 16),(92, 10),(90, 17),(94, 18),(88, 6),(84, 4),(83, 12),(80, 2),(73, 8),(69, 18),(93, 11)}
