Product not found.
Index out of bounds.
{(1, 19),(2, 0)}
(2, 0)
(3, 7)
Product not found.
0
{(5, 13),(2, 17),(1, 19),(4, 0),(6, 11)}
(1, 19)
Product not found.
(5, 13)
{(2, 17),(4, 0),(10, 17),(6, 11),(7, 0),(8, 8),(9, 8)}
(9, 8)
(10, 17)
(2, 17)
Index out of bounds.
(4, 0)
Product not found.
(7, 0)
(10, 17)
Product not found.
{(13, 14),(8, 8),(6, 11),(11, 3),(12, 13)}
(12, 13)
Product not found.
Product not found.
(13, 14)
{(14, 1),(12, 13),(11, 3),(6, 11),(8, 8)}
0
{(16, 0),(8, 8),(6, 11),(11, 3),(12, 13),(14, 1),(15, 17),(17, 14),(18, 18)}
(16, 0)
Product not found.
Product not found.
(8, 8)
(21, 5)
{(20, 17),(19, 1),(18, 18),(17, 14),(15, 17),(25, 10),(22, 17),(14, 1),(12, 13),(11, 3),(6, 11),(23, 18),(24, 8)}
(28, 19)
(20, 17)
Product not found.
(31, 18)
(19, 1)
Product not found.
2
{(30, 2),(29, 12),(26, 0),(24, 8),(6, 11),(11, 3),(12, 13),(27, 4),(14, 1),(25, 10),(15, 17),(17, 14),(18, 18)}
{(30, 2),(29, 12),(26, 0),(24, 8),(6, 11),(11, 3),(12, 13),(27, 4),(14, 1),(25, 10),(15, 17),(17, 14),(18, 18),(32, 15)}
(33, 11)
(32, 15)
(30, 2)
Product not found.
{(18, 18),(17, 14),(15, 17),(25, 10),(14, 1),(27, 4),(12, 13),(11, 3),(6, 11),(24, 8),(26, 0),(29, 12)}
Index out of bounds.
(29, 12)
Product not found.
1
(34, 4)
{(18, 18),(17, 14),(15, 17),(25, 10),(14, 1),(12, 13),(11, 3),(6, 11),(24, 8),(26, 0)}
(35, 14)
{(18, 18),(17, 14),(15, 17),(25, 10),(14, 1),(12, 13),(11, 3),(6, 11),(24, 8),(26, 0)}
(15, 17)
{(41, 18),(38, 0),(36, 1),(26, 0),(24, 8),(6, 11),(11, 3),(12, 13),(14, 1),(39, 6),(25, 10),(17, 14),(18, 18),(37, 13),(40, 3),(42, 12)}
{(43, 18),(41, 18),(38, 0),(36, 1),(26, 0),(24, 8),(6, 11),(11, 3),(12, 13),(14, 1),(39, 6),(25, 10),(17, 14),(18, 18),(37, 13),(40, 3),(42, 12),(44, 8)}
{(44, 8),(42, 12),(40, 3),(37, 13),(18, 18),(17, 14),(25, 10),(39, 6),(14, 1),(12, 13),(11, 3),(6, 11),(24, 8),(26, 0),(36, 1),(38, 0),(41, 18),(43, 18)}
(44, 8)
(26, 0)
(45, 12)
(18, 18)
(12, 13)
Product not found.
(50, 0)
(6, 11)
(48, 0)
(47, 1)
(52, 15)
(38, 0)
(40, 3)
(17, 14)
{(55, 2),(51, 15),(54, 1),(53, 9),(46, 19),(43, 18),(41, 18),(36, 1),(57, 14),(26, 0),(49, 1),(24, 8),(11, 3),(14, 1),(39, 6),(25, 10),(18, 18),(37, 13),(40, 3),(42, 12),(56, 19)}
(56, 19)
(55, 2)
Product not found.
(51, 15)
(57, 14)
(49, 1)
{(54, 1),(53, 9),(46, 19),(43, 18),(41, 18),(36, 1),(26, 0),(49, 1),(24, 8),(11, 3),(14, 1),(39, 6),(25, 10),(18, 18),(37, 13),(40, 3),(42, 12),(59, 11),(58, 13),(60, 4)}
(54, 1)
(60, 4)
Product not found.
(58, 13)
6
Product not found.
(46, 19)
Product not found.
(61, 13)
Product not found.
{(62, 2),(53, 9),(43, 18),(36, 1),(26, 0),(24, 8),(11, 3),(39, 6),(25, 10),(42, 12),(59, 11),(63, 14)}
Product not found.
0
(62, 2)
Index out of bounds.
(63, 14)
(64, 4)
(59, 11)
(53, 9)
(42, 12)
{(43, 18),(36, 1),(26, 0),(24, 8),(11, 3),(39, 6),(25, 10),(65, 4)}
Product not found.
0
Index out of bounds.
1
(72, 0)
(74, 11)
(65, 4)
{(73, 14),(71, 10),(69, 15),(67, 16),(66, 14),(43, 18),(36, 1),(26, 0),(24, 8),(11, 3),(68, 12),(39, 6),(25, 10),(75, 15)}
{(76, 17),(75, 15),(25, 10),(39, 6),(68, 12),(11, 3),(24, 8),(26, 0),(36, 1),(43, 18),(66, 14),(67, 16),(69, 15),(71, 10),(73, 14)}
(78, 13)
(76, 17)
{(80, 16),(79, 10),(77, 19),(73, 14),(71, 10),(69, 15),(67, 16),(66, 14),(43, 18),(36, 1),(26, 0),(24, 8),(11, 3),(68, 12),(39, 6),(25, 10),(75, 15)}
(75, 15)
(24, 8)
(25, 10)
{(39, 6),(68, 12),(11, 3),(26, 0),(36, 1),(43, 18),(66, 14),(67, 16),(69, 15),(71, 10),(73, 14),(77, 19),(79, 10),(80, 16),(81, 10)}
(11, 3)
{(82, 16),(81, 10),(80, 16),(79, 10),(77, 19),(73, 14),(71, 10),(69, 15),(67, 16),(66, 14),(43, 18),(36, 1),(26, 0),(11, 3),(68, 12),(39, 6)}
Product not found.
(84, 12)
(11, 3)
(88, 6)
(86, 8)
(39, 6)
Product not found.
(26, 0)
Product not found.
9
Product not found.
(85, 8)
{(68, 12),(36, 1),(43, 18),(69, 15),(77, 19),(81, 10),(87, 7),(82, 16),(83, 14)}
Product not found.
2
(92, 5)
Product not found.
(97, 14)
Index out of bounds.
(96, 18)
Product not found.
1
(99, 0)
Index out of bounds.
(95, 6)
{(82, 16),(87, 7),(101, 17),(81, 10),(77, 19),(69, 15),(43, 18),(36, 1),(68, 12),(94, 14)}
Product not found.
