Factory is empty.
Index out of bounds.
Factory is empty.
Factory is empty.
Factory is empty.
Factory is empty.
{}
Index out of bounds.
(2, 13)
Factory is empty.
Product not found.
Factory is empty.
Index out of bounds.
Product not found.
(3, 10)
{(5, 16),(4, 18)}
Index out of bounds.
(4, 18)
(5, 16)
{}
Product not found.
0
(7, 9)
Index out of bounds.
Product not found.
(8, 2)
Product not found.
(6, 10)
Index out of bounds.
Factory is empty.
Product not found.
Index out of bounds.
(12, 0)
Product not found.
(14, 2)
Index out of bounds.
(10, 13)
{(13, 9)}
(15, 2)
(13, 9)
Product not found.
Factory is empty.
(16, 4)
Factory is empty.
{}
Product not found.
Index out of bounds.
(20, 5)
(18, 9)
(21, 0)
(22, 14)
{(23, 15),(19, 17),(17, 19),(21, 0)}
0
Index out of bounds.
Index out of bounds.
Product not found.
Index out of bounds.
(21, 0)
Product not found.
Index out of bounds.
{(17, 19),(19, 17),(23, 15),(24, 18),(27, 16),(28, 10),(29, 13)}
{(29, 13),(28, 10),(27, 16),(24, 18),(23, 15),(19, 17),(17, 19)}
0
(19, 17)
0
(24, 18)
(29, 13)
Product not found.
(31, 3)
Index out of bounds.
(28, 10)
Product not found.
0
{(33, 17),(27, 16),(23, 15),(17, 19),(34, 9),(35, 7)}
(33, 17)
Product not found.
Product not found.
Index out of bounds.
(38, 5)
Index out of bounds.
(41, 1)
(42, 6)
Product not found.
(50, 3)
{(43, 4),(44, 18),(41, 1),(27, 16),(46, 4),(49, 8),(23, 15),(17, 19),(34, 9),(35, 7),(36, 12),(37, 7),(40, 10),(45, 8),(47, 16),(48, 11)}
(49, 8)
(43, 4)
3
{(44, 18),(41, 1),(27, 16),(46, 4),(23, 15),(17, 19),(34, 9),(35, 7),(36, 12),(51, 11),(40, 10),(45, 8)}
(35, 7)
{(45, 8),(40, 10),(51, 11),(36, 12),(34, 9),(17, 19),(23, 15),(46, 4),(27, 16),(41, 1),(44, 18)}
{(53, 13),(45, 8),(40, 10),(51, 11),(36, 12),(34, 9),(17, 19),(23, 15),(46, 4),(27, 16),(41, 1),(44, 18),(52, 0),(54, 3)}
1
Index out of bounds.
{(53, 13),(45, 8),(40, 10),(51, 11),(36, 12),(34, 9),(17, 19),(23, 15),(46, 4),(27, 16),(41, 1),(44, 18),(52, 0),(54, 3),(56, 2)}
(57, 3)
(52, 0)
(60, 11)
Index out of bounds.
(61, 19)
(59, 2)
{(56, 2),(58, 3),(54, 3),(44, 18),(41, 1),(27, 16),(46, 4),(23, 15),(17, 19),(34, 9),(36, 12),(51, 11),(40, 10),(45, 8),(53, 13)}
1
0
Product not found.
(46, 4)
Product not found.
Index out of bounds.
{(53, 13),(45, 8),(40, 10),(51, 11),(36, 12),(34, 9),(17, 19),(23, 15),(46, 4),(27, 16),(41, 1),(44, 18),(58, 3),(56, 2),(62, 0),(63, 7),(64, 3)}
Product not found.
2
{(63, 7),(62, 0),(56, 2),(58, 3),(44, 18),(41, 1),(46, 4),(23, 15),(65, 16),(17, 19),(34, 9),(36, 12),(51, 11),(40, 10),(45, 8),(53, 13)}
1
(63, 7)
Index out of bounds.
(23, 15)
0
{(53, 13),(45, 8),(40, 10),(51, 11),(36, 12),(34, 9),(17, 19),(65, 16),(46, 4),(41, 1),(44, 18),(58, 3),(56, 2),(62, 0),(63, 6)}
{(67, 19),(53, 13),(45, 8),(40, 10),(51, 11),(36, 12),(34, 9),(17, 19),(65, 16),(46, 4),(41, 1),(44, 18),(58, 3),(56, 2),(62, 0),(63, 6)}
(67, 19)
Product not found.
(68, 11)
(67, 19)
Product not found.
Product not found.
(71, 1)
{(53, 13),(73, 6),(45, 8),(40, 10),(51, 11),(36, 12),(34, 9),(17, 19),(72, 18),(65, 16),(46, 4),(41, 1),(44, 18),(58, 3),(56, 2),(62, 0),(63, 6),(69, 3),(70, 16),(74, 8)}
(58, 3)
Product not found.
(74, 8)
Index out of bounds.
Product not found.
(72, 18)
(78, 17)
4
(46, 4)
{(79, 14),(77, 12),(76, 19),(53, 13),(73, 6),(45, 8),(40, 10),(51, 11),(34, 9),(65, 16),(46, 4),(41, 1),(44, 18),(56, 2),(75, 15),(62, 0),(69, 3)}
Index out of bounds.
Product not found.
{(79, 14),(77, 12),(76, 19),(53, 13),(73, 6),(45, 8),(40, 10),(51, 11),(34, 9),(65, 16),(46, 4),(41, 1),(44, 18),(56, 2),(75, 15),(62, 0),(69, 3)}
Index out of bounds.
(69, 3)
(69, 0)
{(81, 10),(80, 16),(79, 14),(77, 12),(76, 19),(53, 13),(73, 6),(45, 8),(40, 10),(51, 11),(34, 9),(65, 16),(46, 4),(41, 1),(44, 18),(56, 2),(75, 15),(62, 0),(82, 7)}
Product not found.
(83, 14)
{(82, 7),(62, 0),(75, 15),(56, 2),(44, 18),(41, 1),(46, 4),(65, 16),(34, 9),(51, 11),(40, 10),(45, 8),(73, 6),(53, 13),(76, 19),(77, 12),(79, 14),(80, 16),(81, 10),(83, 6),(84, 8)}
(82, 7)
(62, 0)
(86, 15)
6
(75, 15)
2
(85, 10)
Product not found.
Index out of bounds.
1
Index out of bounds.
Product not found.
(41, 1)
{(91, 4),(56, 2),(44, 18),(65, 16),(34, 9),(51, 11),(45, 8),(73, 6),(53, 13),(76, 19),(77, 12),(79, 14),(90, 10)}
(93, 9)
Index out of bounds.
Index out of bounds.
