0
Factory is empty.
Index out of bounds.
Index out of bounds.
(2, 5)
Product not found.
Index out of bounds.
Index out of bounds.
Product not found.
Product not found.
1
{(7, 10),(4, 16),(3, 7),(6, 0),(8, 12),(11, 3)}
(11, 3)
Index out of bounds.
(3, 7)
{(13, 5),(8, 12),(6, 0),(4, 16),(7, 10),(12, 10),(14, 7),(15, 11)}
Index out of bounds.
(15, 11)
{(16, 7),(13, 5),(8, 12),(6, 0),(4, 16),(7, 10),(12, 10),(14, 7)}
(7, 10)
(19, 2)
(21, 0)
(12, 10)
(17, 4)
(22, 16)
(20, 3)
(16, 7)
(26, 16)
(23, 19)
(13, 5)
{(27, 1),(8, 12),(6, 0),(4, 16),(12, 10),(14, 7),(18, 14),(24, 11),(25, 11)}
(25, 11)
(24, 11)
0
{(27, 1),(8, 12),(6, 0),(4, 16),(12, 10),(14, 7),(28, 9),(18, 14),(29, 13),(30, 12)}
(27, 1)
(28, 9)
Product not found.
{(37, 6),(36, 4),(35, 4),(34, 12),(33, 1),(31, 11),(30, 12),(29, 13),(18, 14),(14, 7),(12, 10),(4, 16),(6, 0),(8, 12),(32, 8)}
(31, 11)
{(38, 12),(37, 6),(36, 4),(35, 4),(34, 12),(33, 1),(30, 12),(29, 13),(18, 14),(14, 7),(12, 10),(4, 16),(6, 0),(8, 12),(32, 8)}
{(32, 8),(8, 12),(6, 0),(4, 16),(12, 10),(14, 7),(18, 14),(29, 13),(30, 12),(33, 1),(34, 12),(35, 4),(36, 4),(37, 6),(38, 12)}
(32, 8)
{(39, 7),(8, 12),(6, 0),(4, 16),(12, 10),(14, 7),(18, 14),(29, 13),(30, 12),(33, 1),(34, 12),(35, 4),(36, 4),(37, 6),(38, 12)}
(41, 6)
(38, 12)
(12, 10)
(4, 16)
5
Index out of bounds.
{(37, 6),(35, 4),(33, 1),(29, 13),(42, 10),(18, 14),(6, 0),(8, 12),(39, 7)}
(39, 7)
(37, 6)
{(8, 12),(6, 0),(18, 14),(42, 10),(29, 13),(33, 1),(35, 4),(44, 14),(45, 1)}
(35, 4)
(8, 12)
2
0
(48, 13)
(35, 4)
{(49, 18),(47, 15),(46, 16),(6, 0),(18, 14),(42, 10),(29, 13),(33, 1),(50, 9)}
(47, 15)
0
Index out of bounds.
Index out of bounds.
Index out of bounds.
{(52, 15),(49, 18),(47, 19),(46, 16),(6, 0),(18, 14),(42, 10),(29, 13),(33, 1),(50, 9),(51, 17),(54, 2)}
Index out of bounds.
Index out of bounds.
Product not found.
(46, 16)
{(59, 6),(58, 0),(52, 15),(49, 18),(47, 19),(6, 0),(18, 14),(42, 10),(29, 13),(33, 1),(50, 9),(51, 17),(54, 2)}
(54, 2)
Index out of bounds.
1
Index out of bounds.
(59, 6)
(61, 0)
(62, 11)
1
{(62, 11),(58, 0),(52, 15),(49, 18),(47, 19),(18, 14),(42, 10),(29, 13),(33, 1),(50, 9),(51, 17)}
(62, 11)
(51, 17)
(50, 9)
(65, 12)
(64, 11)
{(58, 0),(52, 15),(49, 18),(47, 19),(66, 9),(18, 14),(42, 10),(29, 13),(33, 1),(67, 15)}
(68, 11)
Index out of bounds.
Index out of bounds.
(58, 0)
(52, 15)
Product not found.
Index out of bounds.
Product not found.
Product not found.
(74, 12)
Product not found.
{(76, 8),(75, 13),(73, 15),(71, 10),(70, 8),(67, 15),(33, 1),(29, 13),(42, 10),(18, 14),(66, 9),(47, 19),(49, 18),(72, 5)}
(72, 5)
{(49, 18),(47, 19),(66, 9),(18, 14),(77, 2),(42, 10),(29, 13),(33, 1),(67, 15),(70, 8),(71, 10),(73, 15),(75, 13),(76, 8)}
Index out of bounds.
Index out of bounds.
(33, 1)
Index out of bounds.
(85, 15)
Index out of bounds.
(78, 7)
{(83, 12),(82, 16),(81, 19),(80, 19),(76, 8),(75, 13),(73, 15),(71, 10),(70, 8),(84, 15),(86, 10),(67, 15),(29, 13),(42, 10),(77, 2),(18, 14),(66, 9),(47, 19),(49, 18)}
(83, 12)
(89, 5)
(86, 10)
(82, 16)
{(81, 19),(80, 19),(76, 8),(91, 4),(75, 13),(73, 15),(71, 10),(70, 8),(84, 15),(86, 10),(67, 15),(29, 13),(42, 10),(77, 2),(18, 14),(66, 9),(47, 19),(49, 18),(88, 16),(90, 1)}
{(90, 1),(88, 16),(49, 18),(47, 19),(66, 9),(18, 14),(77, 2),(42, 10),(29, 13),(67, 15),(86, 10),(84, 15),(70, 8),(71, 10),(73, 15),(75, 13),(91, 4),(76, 8),(80, 19),(81, 19)}
(70, 8)
{(90, 1),(88, 16),(49, 18),(47, 19),(66, 9),(18, 14),(77, 2),(42, 10),(29, 13),(67, 15),(86, 10),(84, 15),(71, 10),(73, 15),(75, 13),(91, 4),(76, 8),(80, 19),(81, 19)}
Index out of bounds.
(92, 11)
Product not found.
{(94, 15),(81, 19),(80, 19),(76, 8),(91, 4),(75, 13),(73, 15),(71, 10),(84, 15),(86, 10),(67, 15),(29, 13),(42, 10),(77, 2),(18, 14),(66, 9),(47, 19),(49, 18),(88, 16),(90, 1)}
(18, 14)
{(90, 1),(88, 16),(49, 18),(47, 19),(66, 9),(77, 2),(42, 10),(29, 13),(67, 15),(86, 10),(84, 15),(71, 10),(73, 15),(75, 13),(91, 4),(76, 8),(80, 19),(81, 19),(94, 15)}
(42, 10)
(95, 11)
Product not found.
Index out of bounds.
Product not found.
{(90, 1),(88, 16),(49, 18),(101, 12),(47, 19),(66, 9),(77, 2),(29, 13),(67, 15),(86, 10),(84, 15),(71, 10),(73, 15),(75, 13),(91, 4),(76, 8),(96, 8),(80, 19),(81, 19),(94, 15),(98, 18),(99, 13),(100, 3)}
(91, 4)
(77, 2)
Index out of bounds.
{(90, 1),(88, 16),(49, 18),(101, 12),(47, 19),(66, 9),(29, 13),(67, 15),(86, 10),(84, 15),(71, 10),(73, 15),(75, 13),(76, 8),(96, 8),(80, 19),(81, 19),(94, 15),(98, 18),(99, 13),(100, 3)}
(90, 1)
Product not found.
(100, 3)
(99, 13)
9
{(88, 16),(49, 18),(101, 12),(47, 19),(66, 9),(29, 13),(67, 15),(86, 10),(76, 8)}
Product not found.
(104, 4)
(76, 8)
(88, 16)
Product not found.
(86, 10)
{(107, 4),(106, 11),(105, 3),(103, 4),(108, 12),(102, 18),(49, 18),(101, 12),(47, 19),(109, 2),(66, 9),(29, 13),(67, 15)}
Product not found.
(107, 4)
{(67, 15),(29, 13),(66, 9),(109, 2),(47, 19),(101, 12),(49, 18),(102, 18),(108, 12),(103, 4),(105, 3),(106, 11)}
2
Index out of bounds.
Index out of bounds.
