(1, 0)
(2, 3)
Factory is empty.
Factory is empty.
Index out of bounds.
0
Index out of bounds.
Product not found.
{(5, 18),(3, 3),(4, 3)}
Index out of bounds.
(6, 18)
(8, 10)
1
{(9, 5),(7, 12),(3, 3),(5, 18)}
(5, 18)
Index out of bounds.
{(9, 5),(7, 12),(3, 3),(5, 9)}
Index out of bounds.
{(5, 9),(3, 3),(7, 12),(9, 5)}
(11, 11)
(9, 5)
Index out of bounds.
{(9, 5),(7, 12),(3, 3),(5, 9)}
{(13, 10),(5, 9),(3, 3),(7, 12),(9, 5)}
Product not found.
0
Product not found.
(14, 15)
(9, 5)
(7, 12)
(3, 3)
(18, 12)
(20, 19)
{(5, 9),(20, 19),(13, 10),(16, 18),(15, 3),(17, 14),(19, 17)}
Index out of bounds.
(15, 3)
(19, 17)
(28, 12)
Product not found.
(30, 17)
(29, 10)
(27, 19)
(25, 2)
Product not found.
Product not found.
7
(35, 10)
(37, 5)
Product not found.
{(34, 2),(17, 14),(22, 18),(5, 9),(21, 0),(23, 19),(24, 11),(35, 10),(36, 13),(38, 11)}
Index out of bounds.
{(34, 2),(17, 14),(22, 18),(5, 9),(21, 0),(23, 19),(24, 11),(35, 10),(36, 13),(38, 11)}
{(34, 2),(17, 14),(22, 18),(5, 9),(21, 0),(23, 19),(24, 11),(35, 10),(36, 13),(38, 11),(39, 17)}
{(39, 17),(40, 8),(38, 11),(36, 13),(35, 10),(24, 11),(23, 19),(21, 0),(5, 9),(22, 18),(17, 14),(34, 2),(41, 13)}
{(39, 17),(40, 8),(38, 11),(36, 13),(35, 10),(24, 11),(23, 19),(21, 0),(5, 9),(22, 18),(17, 14),(34, 2),(41, 13)}
(41, 13)
(21, 0)
(22, 18)
(38, 11)
(45, 16)
Product not found.
{(42, 5),(39, 17),(40, 8),(36, 13),(35, 10),(24, 11),(23, 19),(21, 0),(5, 9),(17, 14),(34, 2),(43, 6),(44, 14)}
2
Product not found.
0
{(48, 12),(42, 5),(39, 17),(40, 8),(36, 13),(35, 10),(24, 11),(23, 19),(21, 0),(5, 9),(17, 14),(34, 2),(47, 18),(43, 6)}
Product not found.
Index out of bounds.
{(49, 19),(43, 6),(47, 18),(34, 2),(17, 14),(5, 9),(21, 0),(23, 19),(24, 11),(35, 10),(36, 13),(40, 8),(39, 17),(42, 5),(48, 12)}
Product not found.
(48, 12)
Product not found.
(49, 19)
(43, 6)
Index out of bounds.
(36, 13)
(23, 19)
(17, 14)
Product not found.
(51, 14)
{(50, 1),(47, 18),(34, 2),(52, 16),(17, 14),(5, 9),(21, 0),(23, 4),(24, 11),(35, 10),(40, 8),(39, 17),(42, 5)}
(23, 4)
Product not found.
(50, 1)
Product not found.
(47, 18)
(53, 3)
(42, 5)
(52, 16)
Index out of bounds.
(52, 19)
(24, 11)
(55, 2)
(34, 2)
(39, 17)
{(56, 5),(40, 8),(35, 10),(23, 4),(21, 0),(5, 9),(17, 14),(54, 11)}
Product not found.
(5, 9)
(54, 11)
(60, 13)
(57, 1)
Product not found.
(5, 9)
(56, 5)
(17, 14)
Product not found.
0
(21, 0)
{(61, 13),(40, 8),(58, 17),(35, 10),(59, 5),(23, 4)}
(23, 4)
(62, 16)
Index out of bounds.
{(64, 13),(59, 5),(63, 6),(35, 10),(58, 17),(40, 8),(61, 13),(66, 19)}
1
Index out of bounds.
Product not found.
(74, 15)
(76, 13)
(77, 3)
Product not found.
(63, 6)
Product not found.
3
Index out of bounds.
Product not found.
(79, 12)
(69, 7)
Product not found.
{(80, 18),(78, 3),(68, 1),(64, 13),(72, 17),(59, 5),(35, 10),(75, 15),(40, 8),(66, 19),(67, 16),(81, 6)}
Index out of bounds.
{(81, 6),(67, 16),(66, 19),(40, 8),(75, 15),(35, 10),(59, 5),(72, 17),(64, 13),(68, 1),(78, 3),(80, 18),(83, 1)}
1
Index out of bounds.
(80, 18)
(78, 3)
(68, 1)
(72, 17)
(64, 13)
Index out of bounds.
(84, 17)
{(59, 5),(35, 10),(75, 15),(40, 8),(66, 19),(67, 16),(81, 6),(85, 8)}
(85, 8)
Product not found.
Product not found.
(88, 0)
(59, 5)
(81, 6)
Product not found.
(90, 0)
Product not found.
(91, 15)
Index out of bounds.
(67, 16)
(87, 4)
1
Product not found.
(94, 13)
2
Product not found.
